
function coastline = antigua_map()
  % coastline of Antigua, lat lon columns
  % usage:
  % a = antigua_map();
  % plot(a(:,2), a(:,1));
  % axis('equal');

  coastline = [ ...
      17.1210, -061.8471;
      17.1312, -061.8636;
      17.1666, -061.8468;
      17.1732, -061.8320;
      17.1699, -061.8022;
      17.1388, -061.7720;
      17.1250, -061.7857;
      17.1105, -061.7768;
      17.1371, -061.7490;
      17.0708, -061.6659;
      17.0265, -061.6940;
      17.0423, -061.7363;
      17.0171, -061.7297;
      16.9961, -061.7454;
      17.0053, -061.7788;
      17.0196, -061.7684;
      17.0221, -061.7799;
      17.0111, -061.7869;
      17.0063, -061.7847;
      17.0038, -061.8338;
      17.0247, -061.8913;
      17.0759, -061.8916;
      17.0802, -061.9067;
      17.1018, -061.8751;
      17.0999, -061.9057;
      17.1314, -061.8892;
      17.1210, -061.8471;
];

endfunction
